Bias:
-0.004566
Weights:
Gender: 0.002772
Age: 0.192219
Height: -0.661491
Weight: -0.154334
Duration: 1.471934
Heart_Rate: 1.203422
Body_Temp: -0.059970
