Bias:
-0.066290
Weights:
Gender: -0.054959
Age: 0.452184
Height: -0.751754
Weight: 0.768978
Duration: 5.641944
Heart_Rate: 1.745228
Body_Temp: -2.760193
